DATA,ISOLAMENTO DOMICILIARE,NUOVI IN ISOLAMENTO,OSPEDALIZZATI,DIMESSI GUARITI,TERAPIA INTENSIVA,DECESSI (IN OSPEDALE),TOTALI POSITIVI,NUOVI POSITIVI,TAMPONI
01/03/2020,67,12,0,0,0,0,4,3,53
02/03/2020,63,0,0,0,0,0,4,0,53
03/03/2020,61,0,1,0,0,0,5,1,59
04/03/2020,63,2,0,0,0,0,6,1,90
05/03/2020,65,2,2,0,0,0,8,2,97
06/03/2020,73,8,10,0,0,0,14,6,152
07/03/2020,94,21,4,0,0,0,14,0,278
08/03/2020,134,40,6,0,0,0,23,9,405
09/03/2020,169,35,10,0,0,0,26,3,458
10/03/2020,235,66,9,0,0,0,29,3,613
11/03/2020,292,57,9,0,0,0,30,1,711
12/03/2020,345,53,11,0,0,0,52,22,1028
13/03/2020,392,47,16,2,0,0,66,14,1447
14/03/2020,453,61,21,2,1,1,78,12,1508
15/03/2020,513,60,26,2,2,2,82,4,1562
16/03/2020,569,56,23,3,4,2,106,24,2038
17/03/2020,616,47,29,3,4,4,116,10,2459
18/03/2020,707,91,37,3,4,5,150,34,2807
19/03/2020,950,243,42,4,5,5,168,18,2807
20/03/2020,910,0,50,8,5,5,197,29,2879
21/03/2020,937,27,55,8,4,6,216,19,2977
22/03/2020,1004,67,54,8,4,7,245,29,3106
23/03/2020,1051,47,60,8,6,7,262,17,3418
24/03/2020,995,0,60,10,9,7,280,18,3815
25/03/2020,1102,107,66,14,8,8,306,26,4202
26/03/2020,1131,29,68,16,10,10,326,20,4584
27/03/2020,1151,20,76,17,7,10,357,31,4978
28/03/2020,1184,33,78,17,10,13,394,37,5205
29/03/2020,1226,42,73,32,9,13,411,17,5746
30/03/2020,1238,12,70,33,8,15,425,14,6057
31/03/2020,1251,13,73,37,10,16,441,16,6629
01/04/2020,1302,51,74,37,10,19,471,30,6774
02/04/2020,1313,11,75,39,9,23,488,17,7426
03/04/2020,1309,0,74,40,10,26,508,20,8123
04/04/2020,1392,83,70,44,9,26,535,27,8480
05/04/2020,1234,0,68,48,10,26,557,22,8720
06/04/2020,1186,0,75,48,9,27,577,20,9179
07/04/2020,1091,0,72,51,9,28,580,3,9667
08/04/2020,1120,29,71,54,9,30,609,29,10066
09/04/2020,1156,36,72,60,8,30,644,35,10432
10/04/2020,1143,0,75,61,8,31,650,6,11017
11/04/2020,1085,0,70,66,9,31,654,4,11607
12/04/2020,1056,0,66,69,9,32,683,29,11746
13/04/2020,1050,0,66,71,9,33,688,5,12177
14/04/2020,1059,9,68,71,9,33,710,22,12688
15/04/2020,1102,43,72,78,8,36,751,41,13165
16/04/2020,1136,34,67,85,8,37,792,41,13397
17/04/2020,1121,0,65,90,7,41,835,43,13834
18/04/2020,1126,5,66,91,7,41,856,21,14227
19/04/2020,1143,17,68,97,7,44,904,48,14522
20/04/2020,1181,38,76,97,7,44,967,63,14681
21/04/2020,1259,78,78,98,7,45,979,12,15259
22/04/2020,1310,51,79,98,7,47,987,8,15617
23/04/2020,1327,17,77,102,7,48,1042,55,16005
24/04/2020,1298,0,90,103,7,49,1047,5,16453
25/04/2020,1304,6,89,104,7,51,1050,3,16684
26/04/2020,1250,0,94,104,6,52,1060,10,17182
27/04/2020,1266,16,88,106,6,56,1061,1,17646
28/04/2020,1212,0,89,108,6,56,1084,23,18054
29/04/2020,1211,0,86,110,6,58,1107,23,18601
30/04/2020,1124,0,81,115,6,60,1111,4,19053
01/05/2020,1096,0,79,117,5,61,1124,13,19070
02/05/2020,1060,0,78,117,6,61,1129,5,19807
03/05/2020,1058,0,71,124,6,62,1137,8,19944
04/05/2020,1032,0,67,128,6,66,1140,3,
05/05/2020,992,0,66,128,5,68,1141,1,
06/05/2020,957,0,61,133,5,69,1142,1,
07/05/2020,889,0,61,133,5,69,1145,3,
08/05/2020,886,0,45,142,3,71,1146,1,
09/05/2020,843,0,39,143,3,72,1148,2,
10/05/2020,802,0,39,143,2,72,1148,0,22067
11/05/2020,770,0,40,144,2,73,1150,2,
12/05/2020,741,0,39,144,2,73,1150,0,
13/05/2020,723,0,34,149,1,73,1151,1,
14/05/2020,707,0,33,149,1,73,1151,0,
15/05/2020,672,0,28,152,1,75,1151,0,
16/05/2020,610,0,27,152,1,75,1153,2,
17/05/2020,576,0,27,152,1,75,1153,0,27515
18/05/2020,530,0,27,153,0,76,1153,0,
19/05/2020,522,0,27,153,0,76,1153,0,
20/05/2020,487,0,26,153,0,76,1153,0,
21/05/2020,482,0,24,153,0,76,1153,0,29500
22/05/2020,478,0,24,157,0,76,1153,0,
23/05/2020,413,0,22,157,0,76,1159,6,
24/05/2020,413,0,22,157,0,76,1162,3,
25/05/2020,348,0,13,173,0,77,1162,0,
26/05/2020,344,0,10,173,0,77,1165,3,
27/05/2020,326,0,10,174,0,77,1166,1,
28/05/2020,314,0,10,174,0,77,1166,0,
29/05/2020,245,0,8,176,0,77,1167,1,
30/05/2020,190,0,5,176,0,77,1170,3,
31/05/2020,190,0,5,177,0,77,1171,1,
01/06/2020,174,0,4,178,0,77,1171,0,
02/06/2020,157,0,4,178,0,77,1173,2,
03/06/2020,151,0,4,180,0,77,1175,2,
04/06/2020,139,0,4,181,0,77,1175,0,
05/06/2020,125,0,2,185,0,77,1176,1,
06/06/2020,110,0,1,186,0,77,1176,0,
07/06/2020,110,0,1,186,0,77,1177,1,
08/06/2020,77,0,1,186,0,77,1177,0,
09/06/2020,77,0,1,186,0,77,1177,0,
10/06/2020,75,0,0,186,0,77,1179,2,
11/06/2020,76,1,0,186,0,77,1179,0,41400
12/06/2020,73,0,0,186,0,77,1179,0,
13/06/2020,69,0,0,186,0,77,1181,2,
14/06/2020,61,0,0,186,0,77,1181,0,
15/06/2020,61,0,0,186,0,77,1181,0,43142
16/06/2020,42,0,0,186,0,77,1183,2,
17/06/2020,49,7,0,186,0,77,1183,0,
18/06/2020,46,0,1,192,0,77,1183,0,
19/06/2020,53,7,1,192,0,77,1183,0,
20/06/2020,53,0,2,192,0,77,1184,1,
21/06/2020,56,3,2,192,0,77,1185,1,
22/06/2020,56,0,2,192,0,77,1185,0,
23/06/2020,49,0,2,192,0,77,1185,0,
24/06/2020,45,0,2,192,0,77,1185,0,
25/06/2020,55,10,2,192,0,77,1185,0,
26/06/2020,60,5,2,192,0,77,1185,0,
27/06/2020,67,7,2,192,0,77,1187,2,
28/06/2020,92,25,2,192,0,77,1191,4,
29/06/2020,92,0,2,192,0,77,1191,0,
30/06/2020,99,7,2,192,0,77,1192,1,
01/07/2020,100,1,2,192,0,77,1194,2,
02/07/2020,96,0,2,192,0,77,1194,0,
03/07/2020,90,0,2,192,0,77,1194,0,
04/07/2020,92,2,2,192,0,77,1195,1,
05/07/2020,92,0,2,192,0,77,1195,0,
06/07/2020,92,0,0,193,0,78,1196,1,
07/07/2020,92,0,1,193,0,78,1196,0,
08/07/2020,109,17,2,193,0,78,1197,1,
09/07/2020,129,20,2,193,0,78,1197,0,
10/07/2020,141,12,2,193,0,78,1199,2,
11/07/2020,153,12,2,193,0,78,1199,0,
12/07/2020,176,23,2,193,0,78,1200,1,
13/07/2020,176,0,4,193,0,78,1200,0,
14/07/2020,189,13,4,193,0,78,1200,0,
15/07/2020,200,11,3,193,0,78,1200,0,
16/07/2020,192,0,3,193,0,78,1200,0,
17/07/2020,198,6,3,194,0,78,1202,2,
18/07/2020,201,3,3,194,0,78,1204,2,
19/07/2020,201,0,3,194,0,78,1204,0,
20/07/2020,219,18,3,194,0,78,1204,0,56603
21/07/2020,189,0,3,194,0,78,1208,4,
22/07/2020,185,0,3,194,0,78,1211,3,
23/07/2020,208,23,3,194,0,78,1211,0,
24/07/2020,,,3,194,0,78,1212,1,
25/07/2020,,,3,194,0,78,1212,0,
26/07/2020,,,3,194,0,78,1212,0,
27/07/2020,191,0,0,197,0,78,1212,0,
28/07/2020,190,0,0,197,0,78,1212,0,
29/07/2020,204,14,0,197,0,78,1212,0,
30/07/2020,204,0,0,197,0,78,1212,0,
31/07/2020,229,25,0,197,0,78,1212,0,
01/08/2020,227,0,0,197,0,78,1212,0,
02/08/2020,,,0,197,0,78,1212,0,
03/08/2020,229,2,0,197,0,78,1212,0,
04/08/2020,,,0,197,0,78,1212,0,
05/08/2020,224,0,0,197,0,78,1212,0,
06/08/2020,,,0,197,0,78,1212,0,
07/08/2020,,,0,197,0,78,1212,0,
08/08/2020,,,0,197,0,78,1213,1,
09/08/2020,,,0,197,0,78,1213,0,
10/08/2020,207,0,0,197,0,78,1213,0,
11/08/2020,210,3,0,197,0,78,1214,1,
12/08/2020,206,0,0,197,0,78,1215,1,
13/08/2020,224,18,0,197,0,78,1217,2,68000
14/08/2020,307,83,0,197,0,78,1220,3,
15/08/2020,290,0,0,197,0,78,1220,0,
16/08/2020,234,0,0,197,0,78,1222,2,
17/08/2020,234,0,0,197,0,78,1222,0,
18/08/2020,234,0,0,197,0,78,1228,6,
19/08/2020,261,27,0,197,0,78,1235,7,
20/08/2020,257,0,0,197,0,78,1237,2,
21/08/2020,295,38,0,197,0,78,1241,4,
22/08/2020,295,0,0,197,0,78,1244,3,
23/08/2020,335,40,0,197,0,78,1245,1,
24/08/2020,345,10,0,197,1,78,1248,3,
25/08/2020,345,0,0,197,1,78,1249,1,
26/08/2020,358,13,1,197,1,78,1252,3,
27/08/2020,389,31,1,197,1,78,1257,5,
28/08/2020,384,0,1,197,1,78,1264,7,
29/08/2020,411,27,1,197,1,78,1264,0,
30/08/2020,396,0,1,197,1,78,1267,3,
31/08/2020,396,0,1,197,1,78,1271,4,
01/09/2020,396,0,1,197,1,78,1271,0,
02/09/2020,402,6,1,197,1,78,1274,3,
03/09/2020,402,0,2,197,1,78,1275,1,
04/09/2020,420,18,2,197,1,78,1277,2,
05/09/2020,,,2,197,1,78,1280,3,
06/09/2020,,,2,197,1,78,1281,1,
07/09/2020,320,0,2,197,1,78,1282,1,
08/09/2020,341,21,1,198,1,78,1287,5,
09/09/2020,,,1,198,1,78,1288,1,
10/09/2020,372,31,1,198,1,78,1293,5,
11/09/2020,401,29,1,198,1,78,1298,5,
12/09/2020,422,21,1,198,1,78,1305,7,
13/09/2020,370,0,1,198,1,78,1306,1,
14/09/2020,374,4,1,198,1,78,1316,10,
15/09/2020,369,0,1,198,1,78,1322,6,
16/09/2020,402,33,1,198,1,78,1329,7,
17/09/2020,,,1,199,0,78,1331,2,
18/09/2020,,,1,199,0,78,1334,3,
19/09/2020,374,0,1,199,0,78,1336,2,
20/09/2020,,,1,199,1,78,1344,8,
21/09/2020,,,1,200,0,78,1347,3,
22/09/2020,440,66,1,200,0,78,1353,6,
23/09/2020,491,51,1,200,0,78,1360,7,
24/09/2020,522,31,1,200,0,78,1371,11,
25/09/2020,545,23,1,200,0,78,1372,1,
26/09/2020,551,6,1,200,0,78,1382,10,
27/09/2020,,,1,200,0,78,1416,34,
28/09/2020,585,34,3,200,0,78,1423,7,
29/09/2020,644,59,6,200,0,78,1426,3,
30/09/2020,,,5,200,0,79,1449,23,
01/10/2020,,,4,201,0,79,1454,5,
02/10/2020,,,5,201,0,79,1493,39,
03/10/2020,,,10,201,0,79,1512,19,
04/10/2020,739,95,10,201,0,79,1538,26,
05/10/2020,761,22,17,201,0,80,1556,18,
06/10/2020,780,19,19,201,0,80,1602,46,
07/10/2020,,,19,201,0,80,1641,39,
08/10/2020,,,19,201,0,80,1716,75,
09/10/2020,959,179,23,201,0,83,1762,46,
10/10/2020,992,33,23,201,0,83,1808,46,
11/10/2020,1029,37,27,201,1,83,1865,57,
12/10/2020,1063,34,30,201,1,83,1924,59,
13/10/2020,1195,132,27,203,0,85,1974,50,
14/10/2020,1208,13,34,203,1,86,1991,17,
15/10/2020,1266,58,35,203,2,87,2057,66,
16/10/2020,1276,10,40,203,2,88,2088,31,
17/10/2020,1231,0,40,203,2,89,2142,54,
18/10/2020,1130,0,48,203,2,89,2178,36,
19/10/2020,1167,37,51,203,2,90,2255,77,
20/10/2020,1258,91,53,203,2,90,2318,63,
21/10/2020,1277,19,53,203,2,90,2395,77,
22/10/2020,1206,0,56,203,1,93,2433,38,
23/10/2020,1195,0,65,203,2,94,2563,130,
24/10/2020,1367,172,59,208,2,95,2666,103,
25/10/2020,1377,10,59,208,2,95,2751,85,
26/10/2020,1481,104,62,208,2,98,2808,57,
27/10/2020,1510,29,74,208,3,98,2901,93,
28/10/2020,1654,144,83,208,3,100,3066,165,
29/10/2020,1717,63,82,210,4,101,3180,114,
30/10/2020,,,83,210,4,102,3295,115,
31/10/2020,1853,136,90,210,4,103,3390,95,
01/11/2020,1850,0,89,211,4,105,3462,72,
02/11/2020,,,89,211,4,107,3552,90,
03/11/2020,1941,,80,217,4,110,3670,118,
04/11/2020,1882,0,74,221,4,112,3772,102,
05/11/2020,1863,0,84,221,6,114,3945,173,
06/11/2020,,,85,221,7,117,4146,201,
07/11/2020,1924,,99,221,7,118,4376,230,
08/11/2020,,,100,221,7,120,4559,183,
09/11/2020,,,107,221,6,124,4712,153,
10/11/2020,2305,,114,221,6,126,4937,225,
11/11/2020,,,111,224,8,128,5159,222,
12/11/2020,,,127,224,8,131,5484,325,
13/11/2020,2991,,126,225,9,134,5666,182,
14/11/2020,3109,118,127,225,10,135,5851,185,
15/11/2020,,,127,225,10,135,6018,167,
16/11/2020,,,145,225,10,139,6136,118,
17/11/2020,,,141,229,9,141,6322,186,
18/11/2020,,,140,230,8,145,6514,192,
19/11/2020,,,143,230,7,145,6730,216,
20/11/2020,,,142,231,10,150,6962,232,
21/11/2020,,,145,231,11,151,7174,212,
22/11/2020,,,165,231,12,156,7295,121,
23/11/2020,,,165,231,14,160,7408,113,
24/11/2020,,,178,231,15,162,7628,220,
25/11/2020,,,182,231,15,163,7814,186,
26/11/2020,,,190,231,15,165,7959,145,
27/11/2020,,,189,232,14,169,8115,156,
28/11/2020,,,198,232,11,174,8280,165,
29/11/2020,,,199,232,12,178,8527,247,
30/11/2020,,,196,235,13,183,8669,142,
01/12/2020,,,194,237,13,185,8801,132,
02/12/2020,,,191,240,12,190,9016,215,
03/12/2020,,,184,247,10,196,9227,211,
04/12/2020,,,176,255,9,204,9484,257,
05/12/2020,,,172,259,8,208,9807,323,
06/12/2020,,,169,262,8,212,9984,177,
07/12/2020,,,176,262,10,217,10024,40,
08/12/2020,,,169,269,11,220,10269,245,
09/12/2020,,,169,269,14,221,10382,113,
